1.000000e+00 0.000000e+00 0.000000e+00 0.000000e+00 0.000000e+00 1.000000e+00 0.000000e+00 0.000000e+00 0.000000e+00 0.000000e+00 1.000000e+00 0.000000e+00
9.999996e-01 -8.599230e-04 5.779987e-05 -1.335335e-02 8.598414e-04 9.999987e-01 1.398040e-03 -2.054621e-03 -5.900199e-05 -1.397990e-03 9.999990e-01 1.353246e+00
9.999970e-01 -2.385040e-03 -5.940230e-04 -5.500066e-03 2.385716e-03 9.999965e-01 1.140199e-03 8.406006e-03 5.913015e-04 -1.141613e-03 9.999992e-01 2.737840e+00
9.999933e-01 -3.630057e-03 -5.355569e-04 -3.666596e-03 3.629889e-03 9.999934e-01 -3.156410e-04 1.292817e-02 5.366991e-04 3.136949e-04 9.999998e-01 4.084261e+00
9.999902e-01 -4.424023e-03 -1.689484e-04 -2.317244e-02 4.423840e-03 9.999896e-01 -1.067593e-03 3.616955e-02 1.736697e-04 1.066835e-03 9.999994e-01 5.468478e+00
9.999884e-01 -4.819898e-03 1.452885e-04 -3.560788e-02 4.819994e-03 9.999882e-01 -6.649665e-04 3.430506e-02 -1.420817e-04 6.656590e-04 9.999998e-01 6.829468e+00
9.999811e-01 -6.143925e-03 1.361874e-04 -2.853925e-02 6.143918e-03 9.999811e-01 5.161845e-05 3.722953e-02 -1.365019e-04 -5.078075e-05 1.000000e+00 8.275349e+00
9.999829e-01 -5.792090e-03 8.541762e-04 -6.445222e-02 5.791686e-03 9.999831e-01 4.746696e-04 1.822864e-02 -8.569111e-04 -4.697143e-04 9.999995e-01 9.616410e+00
9.999870e-01 -5.068242e-03 5.556090e-04 -6.423507e-02 5.068975e-03 9.999863e-01 -1.325360e-03 3.903575e-03 -5.488841e-04 1.328159e-03 9.999990e-01 1.098225e+01
9.999970e-01 -2.245803e-03 9.649899e-04 -7.878720e-02 2.249155e-03 9.999914e-01 -3.486845e-03 -1.483242e-02 -9.571509e-04 3.489005e-03 9.999935e-01 1.233318e+01
9.999972e-01 1.647623e-03 1.712841e-03 -1.006129e-01 -1.639746e-03 9.999881e-01 -4.590103e-03 -3.895638e-02 -1.720383e-03 4.587281e-03 9.999880e-01 1.369544e+01
9.999909e-01 3.741275e-03 2.040153e-03 -1.052966e-01 -3.731205e-03 9.999809e-01 -4.917307e-03 -5.050987e-02 -2.058511e-03 4.909650e-03 9.999858e-01 1.507665e+01
9.999884e-01 3.969302e-03 2.729760e-03 -1.277628e-01 -3.957354e-03 9.999826e-01 -4.368475e-03 -4.705474e-02 -2.747052e-03 4.357621e-03 9.999867e-01 1.646550e+01
9.999938e-01 1.206873e-03 3.311875e-03 -1.300700e-01 -1.201525e-03 9.999980e-01 -1.616517e-03 -5.992386e-02 -3.313820e-03 1.612528e-03 9.999932e-01 1.784518e+01
9.999897e-01 -2.980975e-03 3.408922e-03 -1.223210e-01 2.980685e-03 9.999956e-01 9.031419e-05 -8.066361e-02 -3.409177e-03 -8.015234e-05 9.999942e-01 1.918607e+01
9.999786e-01 -5.771566e-03 3.077927e-03 -1.208952e-01 5.778722e-03 9.999806e-01 -2.321249e-03 -9.669039e-02 -3.064470e-03 2.338986e-03 9.999926e-01 2.055349e+01
9.999698e-01 -7.201696e-03 2.915933e-03 -1.180640e-01 7.214039e-03 9.999650e-01 -4.244569e-03 -1.133118e-01 -2.885263e-03 4.265477e-03 9.999867e-01 2.192232e+01
9.999821e-01 -4.936212e-03 3.395257e-03 -1.160861e-01 4.955685e-03 9.999712e-01 -5.751194e-03 -1.415041e-01 -3.366770e-03 5.767917e-03 9.999777e-01 2.330353e+01
9.999886e-01 -2.686943e-03 3.947762e-03 -1.108639e-01 2.701413e-03 9.999896e-01 -3.664579e-03 -1.651884e-01 -3.937875e-03 3.675202e-03 9.999855e-01 2.467546e+01
9.999892e-01 -2.321440e-03 4.015788e-03 -9.492357e-02 2.322254e-03 9.999973e-01 -1.980593e-04 -1.895040e-01 -4.015317e-03 2.073829e-04 9.999919e-01 2.607424e+01
9.999779e-01 -4.575387e-03 4.827251e-03 -1.160864e-01 4.566868e-03 9.999880e-01 1.774393e-03 -2.081138e-01 -4.835311e-03 -1.752308e-03 9.999868e-01 2.741941e+01
9.999561e-01 -8.352336e-03 4.257962e-03 -1.062892e-01 8.352364e-03 9.999651e-01 1.121992e-05 -2.290668e-01 -4.257907e-03 2.434461e-05 9.999909e-01 2.878456e+01
9.999564e-01 -8.392688e-03 4.101816e-03 -9.637274e-02 8.402502e-03 9.999619e-01 -2.381239e-03 -2.505865e-01 -4.081674e-03 2.415600e-03 9.999888e-01 3.017116e+01
9.999507e-01 -8.810680e-03 4.586865e-03 -8.853075e-02 8.834299e-03 9.999477e-01 -5.154614e-03 -2.626856e-01 -4.541209e-03 5.194881e-03 9.999762e-01 3.157495e+01
9.999690e-01 -6.106956e-03 4.978354e-03 -8.249503e-02 6.137281e-03 9.999626e-01 -6.099158e-03 -2.740597e-01 -4.940921e-03 6.129523e-03 9.999690e-01 3.294744e+01
9.999730e-01 -5.479376e-03 4.897436e-03 -4.959706e-02 5.520835e-03 9.999487e-01 -8.492263e-03 -2.783483e-01 -4.850653e-03 8.519072e-03 9.999519e-01 3.434574e+01
9.999722e-01 -5.873362e-03 4.586965e-03 -3.069673e-02 5.910861e-03 9.999489e-01 -8.204652e-03 -2.715395e-01 -4.538542e-03 8.231537e-03 9.999558e-01 3.575722e+01
9.999732e-01 -5.711352e-03 4.576229e-03 -3.511242e-02 5.743526e-03 9.999587e-01 -7.048581e-03 -2.980779e-01 -4.535783e-03 7.074676e-03 9.999647e-01 3.717637e+01
9.999794e-01 -5.113359e-03 3.882828e-03 -9.105008e-03 5.136147e-03 9.999695e-01 -5.881739e-03 -3.020875e-01 -3.852634e-03 5.901561e-03 9.999752e-01 3.860655e+01
9.999904e-01 -2.512780e-03 3.582424e-03 1.042783e-02 2.534769e-03 9.999779e-01 -6.146744e-03 -2.969607e-01 -3.566899e-03 6.155766e-03 9.999747e-01 4.003258e+01
9.999933e-01 -1.192616e-04 3.662168e-03 1.845737e-02 1.436672e-04 9.999778e-01 -6.664707e-03 -3.134120e-01 -3.661292e-03 6.665189e-03 9.999711e-01 4.144928e+01
9.999911e-01 2.336772e-03 3.519209e-03 3.118443e-02 -2.312680e-03 9.999740e-01 -6.834528e-03 -3.020365e-01 -3.535088e-03 6.826328e-03 9.999705e-01 4.282900e+01
9.999911e-01 3.140033e-03 2.822555e-03 4.899730e-02 -3.120250e-03 9.999707e-01 -6.986169e-03 -3.245670e-01 -2.844409e-03 6.977299e-03 9.999716e-01 4.427031e+01
9.999934e-01 2.835342e-03 2.281058e-03 6.066912e-02 -2.818085e-03 9.999677e-01 -7.533483e-03 -3.309538e-01 -2.302344e-03 7.527005e-03 9.999690e-01 4.572876e+01
9.999961e-01 2.406020e-03 1.434483e-03 6.419223e-02 -2.394056e-03 9.999628e-01 -8.284400e-03 -3.440267e-01 -1.454363e-03 8.280933e-03 9.999647e-01 4.716084e+01
9.999977e-01 2.076718e-03 4.872643e-04 7.012407e-02 -2.072459e-03 9.999610e-01 -8.584643e-03 -3.482761e-01 -5.050731e-04 8.583613e-03 9.999630e-01 4.858437e+01
9.999956e-01 2.911237e-03 -6.328997e-04 7.402946e-02 -2.915994e-03 9.999665e-01 -7.651048e-03 -3.748167e-01 6.106044e-04 7.652860e-03 9.999705e-01 5.003266e+01
9.999921e-01 3.506587e-03 -1.857401e-03 7.881530e-02 -3.521669e-03 9.999603e-01 -8.179810e-03 -4.043507e-01 1.828644e-03 8.186286e-03 9.999648e-01 5.149600e+01
9.999896e-01 3.219442e-03 -3.226371e-03 8.730647e-02 -3.246865e-03 9.999583e-01 -8.530566e-03 -3.856208e-01 3.198773e-03 8.540953e-03 9.999584e-01 5.291601e+01
9.999839e-01 4.011238e-03 -4.024093e-03 6.672087e-02 -4.042208e-03 9.999620e-01 -7.717949e-03 -4.065513e-01 3.992982e-03 7.734090e-03 9.999621e-01 5.433492e+01
9.999846e-01 2.567780e-03 -4.925001e-03 6.236914e-02 -2.601734e-03 9.999728e-01 -6.900274e-03 -4.320354e-01 4.907149e-03 6.912981e-03 9.999641e-01 5.580067e+01
9.999857e-01 1.085331e-03 -5.229309e-03 3.606508e-02 -1.122473e-03 9.999741e-01 -7.104987e-03 -4.455950e-01 5.221463e-03 7.110756e-03 9.999611e-01 5.721976e+01
9.999817e-01 -1.941827e-03 -5.730519e-03 2.175551e-02 1.896932e-03 9.999676e-01 -7.829367e-03 -4.714495e-01 5.745537e-03 7.818353e-03 9.999529e-01 5.863671e+01
9.999800e-01 -2.924976e-03 -5.602281e-03 3.579311e-03 2.880295e-03 9.999641e-01 -7.967011e-03 -4.778156e-01 5.625383e-03 7.950715e-03 9.999526e-01 6.008322e+01
9.999721e-01 -4.240140e-03 -6.155276e-03 6.691469e-02 4.192313e-03 9.999611e-01 -7.762257e-03 -4.762523e-01 6.187950e-03 7.736236e-03 9.999509e-01 6.144758e+01
9.999599e-01 -6.569434e-03 -6.085878e-03 6.803996e-02 6.522782e-03 9.999494e-01 -7.654009e-03 -4.651376e-01 6.135852e-03 7.614005e-03 9.999522e-01 6.283325e+01
9.999559e-01 -7.599459e-03 -5.524115e-03 5.437393e-02 7.555388e-03 9.999398e-01 -7.955485e-03 -5.084117e-01 5.584240e-03 7.913397e-03 9.999531e-01 6.426744e+01
9.999337e-01 -1.047506e-02 -4.788819e-03 1.527809e-02 1.043058e-02 9.999031e-01 -9.220485e-03 -5.024416e-01 4.884940e-03 9.169923e-03 9.999460e-01 6.567878e+01
9.999439e-01 -9.838159e-03 -3.921097e-03 -2.843837e-02 9.798192e-03 9.999011e-01 -1.008486e-02 -5.125828e-01 4.019925e-03 1.004587e-02 9.999415e-01 6.719043e+01
9.999483e-01 -9.371315e-03 -3.944788e-03 1.883253e-02 9.328348e-03 9.998985e-01 -1.077315e-02 -5.066588e-01 4.045346e-03 1.073580e-02 9.999342e-01 6.860915e+01
9.999720e-01 -6.655836e-03 -3.433935e-03 3.747233e-03 6.621887e-03 9.999300e-01 -9.804743e-03 -5.125692e-01 3.498953e-03 9.781729e-03 9.999460e-01 6.999148e+01
9.999871e-01 -4.160018e-03 -2.900091e-03 1.026807e-03 4.133454e-03 9.999500e-01 -9.106335e-03 -5.009439e-01 2.937828e-03 9.094231e-03 9.999543e-01 7.138470e+01
9.999974e-01 -1.850656e-04 -2.292369e-03 2.372811e-03 1.630426e-04 9.999539e-01 -9.603569e-03 -4.773937e-01 2.294041e-03 9.603170e-03 9.999513e-01 7.275136e+01
9.999909e-01 3.910300e-03 -1.709160e-03 -7.954784e-04 -3.927863e-03 9.999382e-01 -1.039571e-02 -4.752926e-01 1.668404e-03 1.040233e-02 9.999445e-01 7.407636e+01
9.999774e-01 6.670938e-03 -8.187402e-04 -3.469900e-02 -6.679945e-03 9.999111e-01 -1.154010e-02 -4.802952e-01 7.416841e-04 1.154531e-02 9.999331e-01 7.545093e+01
9.999680e-01 7.994868e-03 1.649606e-04 -7.931863e-02 -7.992226e-03 9.998920e-01 -1.233415e-02 -4.660350e-01 -2.635527e-04 1.233244e-02 9.999239e-01 7.690484e+01
9.999705e-01 7.616067e-03 9.532512e-04 -1.255918e-01 -7.603300e-03 9.998898e-01 -1.274705e-02 -4.618150e-01 -1.050229e-03 1.273942e-02 9.999183e-01 7.827785e+01
9.999766e-01 6.743164e-03 1.157718e-03 -1.423177e-01 -6.727202e-03 9.998892e-01 -1.327803e-02 -4.933872e-01 -1.247125e-03 1.326993e-02 9.999112e-01 7.969479e+01
9.999799e-01 6.145003e-03 1.539253e-03 -1.774716e-01 -6.122977e-03 9.998843e-01 -1.392695e-02 -5.613974e-01 -1.624656e-03 1.391725e-02 9.999018e-01 8.113795e+01
9.999845e-01 5.384420e-03 1.450664e-03 -2.140207e-01 -5.362459e-03 9.998770e-01 -1.473902e-02 -5.571202e-01 -1.529847e-03 1.473101e-02 9.998903e-01 8.258760e+01
9.999863e-01 5.147249e-03 9.134217e-04 -2.093761e-01 -5.132997e-03 9.998747e-01 -1.497350e-02 -5.841831e-01 -9.903796e-04 1.496861e-02 9.998875e-01 8.400538e+01
9.999893e-01 4.613633e-03 -1.599115e-04 -1.796660e-01 -4.615608e-03 9.998599e-01 -1.608847e-02 -5.827981e-01 8.566281e-05 1.608904e-02 9.998706e-01 8.537910e+01
9.999905e-01 4.069931e-03 -1.580669e-03 -1.524275e-01 -4.095630e-03 9.998536e-01 -1.661062e-02 -5.762170e-01 1.512834e-03 1.661694e-02 9.998608e-01 8.677092e+01
9.999911e-01 3.347546e-03 -2.561658e-03 -1.599408e-01 -3.388577e-03 9.998633e-01 -1.618417e-02 -5.956639e-01 2.507130e-03 1.619271e-02 9.998657e-01 8.814590e+01
9.999928e-01 1.424727e-03 -3.513930e-03 -1.721487e-01 -1.480832e-03 9.998706e-01 -1.601595e-02 -6.013116e-01 3.490657e-03 1.602104e-02 9.998656e-01 8.953721e+01
9.999865e-01 -9.556289e-04 -5.115552e-03 -1.522034e-01 8.740713e-04 9.998729e-01 -1.592163e-02 -6.225779e-01 5.130117e-03 1.591694e-02 9.998602e-01 9.087231e+01
9.999788e-01 -2.930264e-03 -5.812284e-03 -1.585146e-01 2.834107e-03 9.998601e-01 -1.648370e-02 -6.336345e-01 5.859773e-03 1.646688e-02 9.998472e-01 9.220599e+01
9.999688e-01 -4.894366e-03 -6.199848e-03 -1.745854e-01 4.787265e-03 9.998411e-01 -1.717337e-02 -6.572543e-01 6.282915e-03 1.714315e-02 9.998333e-01 9.353880e+01
9.999604e-01 -5.896371e-03 -6.665011e-03 -1.803655e-01 5.773896e-03 9.998168e-01 -1.824809e-02 -6.736143e-01 6.771387e-03 1.820888e-02 9.998113e-01 9.495039e+01
9.999595e-01 -5.553807e-03 -7.078882e-03 -1.843904e-01 5.414404e-03 9.997940e-01 -1.956212e-02 -6.812568e-01 7.186068e-03 1.952300e-02 9.997836e-01 9.629339e+01
9.999598e-01 -5.618420e-03 -6.989892e-03 -2.027958e-01 5.473703e-03 9.997738e-01 -2.055339e-02 -7.136878e-01 7.103789e-03 2.051430e-02 9.997643e-01 9.768006e+01
9.999667e-01 -4.865192e-03 -6.554391e-03 -2.343041e-01 4.721692e-03 9.997526e-01 -2.173401e-02 -7.347270e-01 6.658509e-03 2.170234e-02 9.997423e-01 9.903864e+01
9.999753e-01 -3.343754e-03 -6.189440e-03 -2.484066e-01 3.208025e-03 9.997570e-01 -2.181077e-02 -7.695268e-01 6.260865e-03 2.179037e-02 9.997430e-01 1.004039e+02
9.999792e-01 -3.191182e-03 -5.608966e-03 -2.693298e-01 3.073248e-03 9.997766e-01 -2.091024e-02 -7.848686e-01 5.674442e-03 2.089257e-02 9.997656e-01 1.017050e+02
9.999823e-01 -2.008663e-03 -5.594832e-03 -2.888370e-01 1.896978e-03 9.998002e-01 -1.989645e-02 -8.231719e-01 5.633680e-03 1.988548e-02 9.997864e-01 1.030617e+02
9.999823e-01 -2.700599e-03 -5.309573e-03 -2.950246e-01 2.584558e-03 9.997603e-01 -2.174171e-02 -8.335582e-01 5.367016e-03 2.172760e-02 9.997495e-01 1.043317e+02
9.999844e-01 -2.616931e-03 -4.932395e-03 -3.098145e-01 2.494301e-03 9.996916e-01 -2.470638e-02 -8.463258e-01 4.995529e-03 2.469369e-02 9.996826e-01 1.056466e+02
9.999810e-01 -3.693162e-03 -4.930926e-03 -3.175438e-01 3.562099e-03 9.996470e-01 -2.632900e-02 -8.635745e-01 5.026422e-03 2.631093e-02 9.996412e-01 1.069513e+02
9.999637e-01 -6.993115e-03 -4.870247e-03 -3.319928e-01 6.867702e-03 9.996561e-01 -2.530816e-02 -8.897141e-01 5.045555e-03 2.527379e-02 9.996678e-01 1.082921e+02
9.999380e-01 -1.031436e-02 -4.185752e-03 -3.450050e-01 1.021366e-02 9.996739e-01 -2.340616e-02 -9.296258e-01 4.425806e-03 2.336196e-02 9.997173e-01 1.096058e+02
9.999212e-01 -1.214942e-02 -3.150895e-03 -3.454336e-01 1.207282e-02 9.996560e-01 -2.328513e-02 -9.510119e-01 3.432711e-03 2.324526e-02 9.997239e-01 1.108963e+02
9.999177e-01 -1.266157e-02 -2.082940e-03 -3.629916e-01 1.260639e-02 9.996165e-01 -2.465739e-02 -1.008066e+00 2.394343e-03 2.462910e-02 9.996938e-01 1.122466e+02
9.999453e-01 -1.039752e-02 -1.091880e-03 -3.791851e-01 1.036412e-02 9.995789e-01 -2.710253e-02 -1.063906e+00 1.373219e-03 2.708973e-02 9.996321e-01 1.135780e+02
9.999710e-01 -7.599860e-03 4.788823e-04 -4.039804e-01 7.610631e-03 9.995414e-01 -2.930831e-02 -1.126522e+00 -2.559237e-04 2.931110e-02 9.995703e-01 1.149413e+02
9.999868e-01 -4.830611e-03 1.755248e-03 -4.162260e-01 4.880049e-03 9.995574e-01 -2.934705e-02 -1.190081e+00 -1.612707e-03 2.935523e-02 9.995677e-01 1.162996e+02
9.999894e-01 -2.362473e-03 3.954775e-03 -4.635038e-01 2.469963e-03 9.996215e-01 -2.739930e-02 -1.279724e+00 -3.888548e-03 2.740878e-02 9.996167e-01 1.177059e+02
9.999831e-01 -2.714216e-03 5.147555e-03 -5.105043e-01 2.845711e-03 9.996653e-01 -2.571216e-02 -1.305607e+00 -5.076044e-03 2.572637e-02 9.996561e-01 1.191413e+02
9.999769e-01 -3.182320e-03 6.001389e-03 -5.178314e-01 3.331768e-03 9.996804e-01 -2.505891e-02 -1.375335e+00 -5.919726e-03 2.507833e-02 9.996680e-01 1.205393e+02
9.999713e-01 -2.479575e-03 7.158828e-03 -5.206445e-01 2.662631e-03 9.996668e-01 -2.567529e-02 -1.432514e+00 -7.092779e-03 2.569362e-02 9.996447e-01 1.219136e+02
9.999606e-01 1.140217e-04 8.875556e-03 -5.450955e-01 1.206880e-04 9.996504e-01 -2.643948e-02 -1.479807e+00 -8.875468e-03 2.643951e-02 9.996110e-01 1.232877e+02
9.999415e-01 3.021178e-03 1.038455e-02 -5.468319e-01 -2.743946e-03 9.996422e-01 -2.660789e-02 -1.569734e+00 -1.046122e-02 2.657784e-02 9.995920e-01 1.246446e+02
9.999262e-01 3.998267e-03 1.146999e-02 -5.504773e-01 -3.680030e-03 9.996114e-01 -2.763336e-02 -1.633667e+00 -1.157602e-02 2.758912e-02 9.995523e-01 1.260742e+02
9.999109e-01 4.892542e-03 1.242084e-02 -5.442410e-01 -4.537613e-03 9.995851e-01 -2.844440e-02 -1.688675e+00 -1.255485e-02 2.838550e-02 9.995182e-01 1.274220e+02
9.998967e-01 4.301265e-03 1.371423e-02 -5.523741e-01 -3.903965e-03 9.995757e-01 -2.886619e-02 -1.740506e+00 -1.383257e-02 2.880967e-02 9.994892e-01 1.288089e+02
9.998841e-01 3.858103e-03 1.472577e-02 -5.461836e-01 -3.460765e-03 9.996318e-01 -2.691326e-02 -1.841359e+00 -1.482418e-02 2.685918e-02 9.995293e-01 1.301677e+02
9.998728e-01 3.023573e-03 1.565963e-02 -5.324463e-01 -2.609782e-03 9.996486e-01 -2.637747e-02 -1.891894e+00 -1.573388e-02 2.633324e-02 9.995294e-01 1.315217e+02
9.998671e-01 3.412105e-03 1.593882e-02 -5.089519e-01 -2.990809e-03 9.996475e-01 -2.638147e-02 -1.952272e+00 -1.602322e-02 2.633030e-02 9.995249e-01 1.329257e+02
9.998676e-01 1.792473e-03 1.617323e-02 -4.976361e-01 -1.364567e-03 9.996497e-01 -2.643002e-02 -2.012707e+00 -1.621494e-02 2.640445e-02 9.995198e-01 1.342649e+02
9.998726e-01 7.414238e-04 1.594448e-02 -4.783127e-01 -3.298493e-04 9.996671e-01 -2.580014e-02 -2.071083e+00 -1.595830e-02 2.579159e-02 9.995400e-01 1.356067e+02
9.998791e-01 -8.667295e-06 1.554711e-02 -4.715825e-01 4.206178e-04 9.996489e-01 -2.649384e-02 -2.122766e+00 -1.554142e-02 2.649717e-02 9.995281e-01 1.369954e+02
9.999040e-01 -5.535031e-04 1.384223e-02 -4.187503e-01 9.253552e-04 9.996385e-01 -2.687163e-02 -2.190717e+00 -1.382235e-02 2.688186e-02 9.995430e-01 1.384396e+02
9.999223e-01 -1.281981e-03 1.239976e-02 -3.812599e-01 1.602068e-03 9.996648e-01 -2.583850e-02 -2.277347e+00 -1.236248e-02 2.585636e-02 9.995892e-01 1.398583e+02
9.999313e-01 -2.568763e-03 1.144080e-02 -3.787871e-01 2.866781e-03 9.996550e-01 -2.610892e-02 -2.310257e+00 -1.136979e-02 2.613992e-02 9.995936e-01 1.412009e+02
9.999435e-01 -2.324264e-03 1.037186e-02 -3.781009e-01 2.597023e-03 9.996491e-01 -2.636248e-02 -2.348352e+00 -1.030695e-02 2.638793e-02 9.995986e-01 1.424987e+02
9.999531e-01 -2.144489e-03 9.446469e-03 -3.803706e-01 2.400592e-03 9.996276e-01 -2.718363e-02 -2.396557e+00 -9.384656e-03 2.720503e-02 9.995858e-01 1.438174e+02
9.999635e-01 -1.038838e-03 8.485759e-03 -3.698886e-01 1.274928e-03 9.996109e-01 -2.786406e-02 -2.443550e+00 -8.453511e-03 2.787386e-02 9.995757e-01 1.451727e+02
9.999674e-01 -2.701557e-03 7.603799e-03 -3.663125e-01 2.930433e-03 9.995380e-01 -3.025175e-02 -2.502173e+00 -7.518559e-03 3.027305e-02 9.995134e-01 1.465130e+02
9.999513e-01 -7.238304e-03 6.710229e-03 -3.608823e-01 7.442294e-03 9.994951e-01 -3.089038e-02 -2.557918e+00 -6.483247e-03 3.093881e-02 9.995003e-01 1.478436e+02
9.998767e-01 -1.475918e-02 5.358302e-03 -3.368732e-01 1.490651e-02 9.994803e-01 -2.858355e-02 -2.628201e+00 -4.933647e-03 2.865990e-02 9.995770e-01 1.492093e+02
9.997657e-01 -2.133858e-02 3.644013e-03 -3.261868e-01 2.143009e-02 9.993988e-01 -2.725587e-02 -2.682208e+00 -3.060221e-03 2.732757e-02 9.996218e-01 1.505479e+02
9.996847e-01 -2.492859e-02 3.023238e-03 -3.470934e-01 2.500937e-02 9.992207e-01 -3.053797e-02 -2.739980e+00 -2.259614e-03 3.060394e-02 9.995290e-01 1.518569e+02
9.997214e-01 -2.330194e-02 3.750175e-03 -3.642893e-01 2.341628e-02 9.991454e-01 -3.406055e-02 -2.790527e+00 -2.953293e-03 3.413888e-02 9.994127e-01 1.531941e+02
9.997958e-01 -1.956661e-02 5.044403e-03 -3.856774e-01 1.973657e-02 9.991500e-01 -3.619019e-02 -2.859375e+00 -4.331996e-03 3.628236e-02 9.993322e-01 1.545307e+02
9.997939e-01 -1.927229e-02 6.379659e-03 -4.027249e-01 1.949068e-02 9.991563e-01 -3.615082e-02 -2.922970e+00 -5.677567e-03 3.626771e-02 9.993260e-01 1.558071e+02
9.997350e-01 -2.188736e-02 7.135111e-03 -4.051517e-01 2.211165e-02 9.992095e-01 -3.303769e-02 -2.979414e+00 -6.406363e-03 3.318670e-02 9.994286e-01 1.571539e+02
9.995907e-01 -2.736575e-02 8.338501e-03 -4.374752e-01 2.760376e-02 9.991715e-01 -2.990706e-02 -3.045652e+00 -7.513163e-03 3.012499e-02 9.995179e-01 1.584445e+02
9.994922e-01 -3.061768e-02 8.830231e-03 -4.402847e-01 3.085812e-02 9.991169e-01 -2.851662e-02 -3.105692e+00 -7.949320e-03 2.877463e-02 9.995543e-01 1.597849e+02
9.994398e-01 -3.233057e-02 8.649656e-03 -4.253960e-01 3.256484e-02 9.990639e-01 -2.847419e-02 -3.169871e+00 -7.720973e-03 2.873991e-02 9.995571e-01 1.611481e+02
9.994758e-01 -3.068466e-02 1.032743e-02 -4.502614e-01 3.095631e-02 9.991489e-01 -2.726040e-02 -3.232508e+00 -9.482169e-03 2.756581e-02 9.995750e-01 1.624408e+02
9.995904e-01 -2.623392e-02 1.143656e-02 -4.355410e-01 2.654852e-02 9.992473e-01 -2.828359e-02 -3.290092e+00 -1.068596e-02 2.857563e-02 9.995345e-01 1.638114e+02
9.996657e-01 -2.256129e-02 1.263092e-02 -4.533853e-01 2.293657e-02 9.992746e-01 -3.040014e-02 -3.346075e+00 -1.193589e-02 3.067968e-02 9.994580e-01 1.651599e+02
9.997241e-01 -1.912173e-02 1.364169e-02 -4.561416e-01 1.953634e-02 9.993304e-01 -3.093670e-02 -3.409481e+00 -1.304099e-02 3.119468e-02 9.994282e-01 1.664825e+02
9.997499e-01 -1.723113e-02 1.425783e-02 -4.652616e-01 1.765112e-02 9.993978e-01 -2.987506e-02 -3.463286e+00 -1.373447e-02 3.011925e-02 9.994519e-01 1.678572e+02
9.997640e-01 -1.628019e-02 1.438440e-02 -5.152563e-01 1.671092e-02 9.993997e-01 -3.034931e-02 -3.508592e+00 -1.388167e-02 3.058253e-02 9.994358e-01 1.693143e+02
9.997859e-01 -1.499838e-02 1.425660e-02 -5.666421e-01 1.545841e-02 9.993449e-01 -3.272471e-02 -3.566733e+00 -1.375644e-02 3.293809e-02 9.993627e-01 1.707839e+02
9.998433e-01 -1.114511e-02 1.375085e-02 -5.656119e-01 1.162613e-02 9.993052e-01 -3.541188e-02 -3.631236e+00 -1.334662e-02 3.556620e-02 9.992782e-01 1.721239e+02
9.998859e-01 -5.511786e-03 1.406570e-02 -6.074848e-01 6.030047e-03 9.992944e-01 -3.707332e-02 -3.696459e+00 -1.385144e-02 3.715390e-02 9.992136e-01 1.735436e+02
9.998968e-01 -8.441432e-04 1.433899e-02 -6.034084e-01 1.357574e-03 9.993568e-01 -3.583471e-02 -3.763901e+00 -1.429952e-02 3.585048e-02 9.992549e-01 1.749016e+02
9.998909e-01 3.274614e-03 1.440164e-02 -5.349843e-01 -2.782903e-03 9.994169e-01 -3.403118e-02 -3.847393e+00 -1.450468e-02 3.398739e-02 9.993170e-01 1.762565e+02
9.998888e-01 4.161763e-03 1.432113e-02 -5.244257e-01 -3.702825e-03 9.994834e-01 -3.192488e-02 -3.903892e+00 -1.444659e-02 3.186831e-02 9.993877e-01 1.776469e+02
9.999030e-01 2.891432e-03 1.362376e-02 -5.149094e-01 -2.467864e-03 9.995162e-01 -3.100525e-02 -4.000508e+00 -1.370682e-02 3.096863e-02 9.994264e-01 1.790995e+02
9.999328e-01 4.915760e-04 1.158577e-02 -4.860843e-01 -1.287976e-04 9.995103e-01 -3.129238e-02 -4.034391e+00 -1.159548e-02 3.128879e-02 9.994431e-01 1.805461e+02
9.999556e-01 1.189323e-03 9.352334e-03 -4.704833e-01 -8.523113e-04 9.993530e-01 -3.595679e-02 -4.104535e+00 -9.389047e-03 3.594722e-02 9.993096e-01 1.820204e+02
9.999564e-01 4.002152e-03 8.442285e-03 -5.319942e-01 -3.657213e-03 9.991734e-01 -4.048546e-02 -4.198586e+00 -8.597336e-03 4.045282e-02 9.991445e-01 1.835165e+02
9.999280e-01 9.264269e-03 7.630850e-03 -5.211039e-01 -8.941745e-03 9.991081e-01 -4.126738e-02 -4.265963e+00 -8.006357e-03 4.119618e-02 9.991190e-01 1.849355e+02
9.998749e-01 1.368069e-02 7.936210e-03 -5.782154e-01 -1.334912e-02 9.990933e-01 -4.042624e-02 -4.362338e+00 -8.482073e-03 4.031524e-02 9.991510e-01 1.864381e+02
9.998425e-01 1.574325e-02 8.187283e-03 -5.820961e-01 -1.542889e-02 9.991911e-01 -3.713733e-02 -4.420103e+00 -8.765322e-03 3.700516e-02 9.992766e-01 1.878733e+02
9.998140e-01 1.713839e-02 8.844689e-03 -6.175079e-01 -1.681642e-02 9.992361e-01 -3.527584e-02 -4.496381e+00 -9.442504e-03 3.512054e-02 9.993385e-01 1.893708e+02
9.998168e-01 1.692803e-02 8.933365e-03 -6.135642e-01 -1.660787e-02 9.992573e-01 -3.477232e-02 -4.549736e+00 -9.515356e-03 3.461758e-02 9.993553e-01 1.908166e+02
9.998304e-01 1.589274e-02 9.300183e-03 -6.430236e-01 -1.556712e-02 9.992974e-01 -3.409495e-02 -4.644498e+00 -9.835511e-03 3.394440e-02 9.993753e-01 1.923080e+02
9.998700e-01 1.304372e-02 9.483416e-03 -6.581192e-01 -1.271311e-02 9.993367e-01 -3.412489e-02 -4.687144e+00 -9.922242e-03 3.399989e-02 9.993726e-01 1.938054e+02
9.999002e-01 1.076985e-02 9.148728e-03 -6.231015e-01 -1.045038e-02 9.993577e-01 -3.427710e-02 -4.754673e+00 -9.512011e-03 3.417807e-02 9.993705e-01 1.952699e+02
9.999280e-01 7.793186e-03 9.126206e-03 -5.835283e-01 -7.482708e-03 9.994082e-01 -3.357419e-02 -4.815020e+00 -9.382456e-03 3.350348e-02 9.993946e-01 1.967511e+02
9.999475e-01 3.710020e-03 9.546521e-03 -5.708801e-01 -3.397880e-03 9.994657e-01 -3.250777e-02 -4.865597e+00 -9.662025e-03 3.247363e-02 9.994259e-01 1.982159e+02
9.999531e-01 1.146320e-03 9.612195e-03 -5.360473e-01 -8.290947e-04 9.994569e-01 -3.294163e-02 -4.919716e+00 -9.644736e-03 3.293212e-02 9.994111e-01 1.997016e+02
9.999523e-01 3.029058e-03 9.284352e-03 -5.043754e-01 -2.677188e-03 9.992863e-01 -3.768013e-02 -4.972970e+00 -9.391861e-03 3.765348e-02 9.992467e-01 2.011748e+02
9.998921e-01 1.058038e-02 1.018821e-02 -5.529169e-01 -1.013414e-02 9.990281e-01 -4.289779e-02 -5.046359e+00 -1.063218e-02 4.278991e-02 9.990275e-01 2.026357e+02
9.997437e-01 1.964273e-02 1.125813e-02 -5.469402e-01 -1.914054e-02 9.988873e-01 -4.310115e-02 -5.116836e+00 -1.209222e-02 4.287462e-02 9.990073e-01 2.040706e+02
9.995487e-01 2.736932e-02 1.238326e-02 -5.531760e-01 -2.685983e-02 9.988549e-01 -3.959126e-02 -5.194274e+00 -1.345266e-02 3.924077e-02 9.991392e-01 2.055192e+02
9.995173e-01 2.825920e-02 1.291039e-02 -5.424118e-01 -2.775618e-02 9.989070e-01 -3.760761e-02 -5.267628e+00 -1.395904e-02 3.723111e-02 9.992092e-01 2.070538e+02
9.995697e-01 2.657828e-02 1.241078e-02 -5.254230e-01 -2.609889e-02 9.989628e-01 -3.731079e-02 -5.341013e+00 -1.338956e-02 3.697082e-02 9.992266e-01 2.084881e+02
9.996544e-01 2.374066e-02 1.129107e-02 -5.165590e-01 -2.330254e-02 9.990261e-01 -3.746809e-02 -5.414938e+00 -1.216959e-02 3.719203e-02 9.992340e-01 2.099535e+02
9.997082e-01 2.193133e-02 1.012447e-02 -4.920637e-01 -2.153011e-02 9.990394e-01 -3.816828e-02 -5.485556e+00 -1.095182e-02 3.793916e-02 9.992200e-01 2.114306e+02
9.997094e-01 2.233543e-02 9.069117e-03 -4.656111e-01 -2.196449e-02 9.989929e-01 -3.912481e-02 -5.537917e+00 -9.933853e-03 3.891424e-02 9.991932e-01 2.129208e+02
9.996756e-01 2.384130e-02 8.965677e-03 -4.615950e-01 -2.347323e-02 9.989583e-01 -3.913159e-02 -5.608621e+00 -9.889285e-03 3.890844e-02 9.991938e-01 2.143792e+02
9.996482e-01 2.504904e-02 8.724567e-03 -4.392423e-01 -2.469704e-02 9.989590e-01 -3.835273e-02 -5.678958e+00 -9.676184e-03 3.812377e-02 9.992262e-01 2.158295e+02
9.996771e-01 2.411510e-02 8.005682e-03 -4.135082e-01 -2.378451e-02 9.989523e-01 -3.909699e-02 -5.737083e+00 -8.940123e-03 3.889396e-02 9.992033e-01 2.173098e+02
9.996873e-01 2.380496e-02 7.656610e-03 -4.047029e-01 -2.347942e-02 9.989191e-01 -4.011610e-02 -5.813713e+00 -8.603297e-03 3.992379e-02 9.991657e-01 2.187969e+02
9.997026e-01 2.330759e-02 7.177601e-03 -3.938290e-01 -2.299620e-02 9.989036e-01 -4.077642e-02 -5.882763e+00 -8.120132e-03 4.059923e-02 9.991425e-01 2.203378e+02
9.996945e-01 2.387565e-02 6.385282e-03 -3.646358e-01 -2.359425e-02 9.988801e-01 -4.101122e-02 -5.953698e+00 -7.357300e-03 4.084803e-02 9.991383e-01 2.218299e+02
9.996898e-01 2.418528e-02 5.951812e-03 -3.558365e-01 -2.391730e-02 9.988484e-01 -4.159164e-02 -6.021762e+00 -6.950863e-03 4.143638e-02 9.991170e-01 2.233564e+02
9.996795e-01 2.470005e-02 5.551198e-03 -3.387451e-01 -2.444541e-02 9.988176e-01 -4.202064e-02 -6.092244e+00 -6.582547e-03 4.187148e-02 9.991013e-01 2.248206e+02
9.996474e-01 2.611606e-02 4.802134e-03 -3.187509e-01 -2.588762e-02 9.987529e-01 -4.268999e-02 -6.164176e+00 -5.911039e-03 4.255062e-02 9.990768e-01 2.263245e+02
9.996508e-01 2.615326e-02 3.786467e-03 -2.793217e-01 -2.596666e-02 9.987390e-01 -4.296763e-02 -6.245035e+00 -4.905437e-03 4.285431e-02 9.990693e-01 2.278138e+02
9.996209e-01 2.729892e-02 3.581891e-03 -2.778317e-01 -2.711812e-02 9.986910e-01 -4.336984e-02 -6.316059e+00 -4.761152e-03 4.325626e-02 9.990527e-01 2.293068e+02
9.996351e-01 2.681126e-02 3.290805e-03 -2.640987e-01 -2.664194e-02 9.986884e-01 -4.372220e-02 -6.390730e+00 -4.458736e-03 4.361857e-02 9.990383e-01 2.307869e+02
9.996758e-01 2.527438e-02 3.084993e-03 -2.559699e-01 -2.511411e-02 9.987135e-01 -4.405191e-02 -6.475261e+00 -4.194409e-03 4.396015e-02 9.990245e-01 2.323004e+02
9.997059e-01 2.403841e-02 3.190084e-03 -2.560210e-01 -2.387582e-02 9.987554e-01 -4.378942e-02 -6.562805e+00 -4.238742e-03 4.370038e-02 9.990357e-01 2.337704e+02
9.997173e-01 2.344540e-02 3.948316e-03 -2.801981e-01 -2.325266e-02 9.987913e-01 -4.330379e-02 -6.649760e+00 -4.958819e-03 4.319974e-02 9.990541e-01 2.353022e+02
9.997162e-01 2.351808e-02 3.791971e-03 -2.837682e-01 -2.333289e-02 9.987972e-01 -4.312370e-02 -6.745670e+00 -4.801597e-03 4.302298e-02 9.990625e-01 2.368233e+02
9.997006e-01 2.418091e-02 3.746462e-03 -2.769326e-01 -2.399428e-02 9.987563e-01 -4.370405e-02 -6.826854e+00 -4.798606e-03 4.360107e-02 9.990375e-01 2.383110e+02
9.996736e-01 2.521588e-02 4.109068e-03 -2.774098e-01 -2.500943e-02 9.987058e-01 -4.428552e-02 -6.924605e+00 -5.220449e-03 4.416830e-02 9.990105e-01 2.398019e+02
9.996374e-01 2.655660e-02 4.456589e-03 -2.794011e-01 -2.633841e-02 9.987099e-01 -4.341407e-02 -7.034208e+00 -5.603769e-03 4.328095e-02 9.990472e-01 2.413605e+02
9.996100e-01 2.744417e-02 5.166375e-03 -2.785569e-01 -2.720732e-02 9.987729e-01 -4.138139e-02 -7.124631e+00 -6.295714e-03 4.122468e-02 9.991301e-01 2.428801e+02
9.995940e-01 2.790878e-02 5.739761e-03 -2.728846e-01 -2.764857e-02 9.987648e-01 -4.128458e-02 -7.199862e+00 -6.884873e-03 4.110912e-02 9.991309e-01 2.443718e+02
9.995663e-01 2.876369e-02 6.310704e-03 -2.793704e-01 -2.846781e-02 9.986774e-01 -4.281448e-02 -7.292880e+00 -7.533860e-03 4.261626e-02 9.990631e-01 2.458780e+02
9.995319e-01 2.981448e-02 6.867306e-03 -2.789633e-01 -2.948160e-02 9.985820e-01 -4.432655e-02 -7.380987e+00 -8.179141e-03 4.410334e-02 9.989935e-01 2.474126e+02
9.995041e-01 3.068511e-02 7.067483e-03 -2.703818e-01 -3.034569e-02 9.985725e-01 -4.395675e-02 -7.474383e+00 -8.406211e-03 4.372048e-02 9.990084e-01 2.489425e+02
9.994900e-01 3.119814e-02 6.814298e-03 -2.655802e-01 -3.087566e-02 9.985901e-01 -4.318033e-02 -7.558719e+00 -8.151836e-03 4.294791e-02 9.990441e-01 2.504588e+02
9.994671e-01 3.196021e-02 6.635524e-03 -2.606785e-01 -3.164940e-02 9.985910e-01 -4.259513e-02 -7.661576e+00 -7.987524e-03 4.236242e-02 9.990704e-01 2.520051e+02
9.994470e-01 3.266361e-02 6.228898e-03 -2.486354e-01 -3.236911e-02 9.985662e-01 -4.263522e-02 -7.760246e+00 -7.612587e-03 4.241002e-02 9.990713e-01 2.535526e+02
9.993925e-01 3.426534e-02 6.358885e-03 -2.505865e-01 -3.396518e-02 9.985201e-01 -4.247322e-02 -7.847685e+00 -7.804833e-03 4.223143e-02 9.990774e-01 2.550733e+02
9.993455e-01 3.558322e-02 6.514640e-03 -2.556931e-01 -3.527493e-02 9.984725e-01 -4.252375e-02 -7.936106e+00 -8.017821e-03 4.226611e-02 9.990742e-01 2.565842e+02
9.993296e-01 3.601693e-02 6.564528e-03 -2.533073e-01 -3.570669e-02 9.984600e-01 -4.245772e-02 -8.025038e+00 -8.083616e-03 4.219486e-02 9.990767e-01 2.581182e+02
9.993644e-01 3.506978e-02 6.401476e-03 -2.462431e-01 -3.476685e-02 9.984911e-01 -4.250703e-02 -8.119679e+00 -7.882528e-03 4.225745e-02 9.990757e-01 2.596709e+02
9.993979e-01 3.410742e-02 6.358695e-03 -2.408570e-01 -3.381305e-02 9.985559e-01 -4.174782e-02 -8.221506e+00 -7.773422e-03 4.150768e-02 9.991079e-01 2.612390e+02
9.994602e-01 3.220270e-02 6.499358e-03 -2.358680e-01 -3.190911e-02 9.986450e-01 -4.110944e-02 -8.312359e+00 -7.814386e-03 4.087986e-02 9.991335e-01 2.627840e+02
9.994660e-01 3.206043e-02 6.304948e-03 -2.248586e-01 -3.176808e-02 9.986123e-01 -4.200280e-02 -8.397902e+00 -7.642826e-03 4.178007e-02 9.990976e-01 2.643014e+02
9.994542e-01 3.244764e-02 6.193641e-03 -2.263216e-01 -3.215117e-02 9.985526e-01 -4.311654e-02 -8.504264e+00 -7.583706e-03 4.289388e-02 9.990509e-01 2.658479e+02
9.995026e-01 3.081969e-02 6.681853e-03 -2.150882e-01 -3.051674e-02 9.986728e-01 -4.148990e-02 -8.588369e+00 -7.951691e-03 4.126536e-02 9.991166e-01 2.673557e+02
9.995206e-01 3.004931e-02 7.453807e-03 -2.344356e-01 -2.972975e-02 9.987651e-01 -3.980495e-02 -8.700546e+00 -8.640713e-03 3.956427e-02 9.991797e-01 2.689381e+02
9.995520e-01 2.909940e-02 7.004069e-03 -1.744445e-01 -2.879175e-02 9.987600e-01 -4.061469e-02 -8.776043e+00 -8.177247e-03 4.039483e-02 9.991503e-01 2.703230e+02
9.995498e-01 2.917565e-02 6.996832e-03 -9.649424e-02 -2.886204e-02 9.987269e-01 -4.137024e-02 -8.872600e+00 -8.194928e-03 4.114967e-02 9.991194e-01 2.717296e+02
9.994897e-01 3.098078e-02 7.777164e-03 -8.108352e-02 -3.062951e-02 9.986555e-01 -4.182110e-02 -8.970836e+00 -9.062358e-03 4.156155e-02 9.990948e-01 2.732458e+02
9.994338e-01 3.256801e-02 8.453967e-03 -5.882624e-02 -3.218567e-02 9.985996e-01 -4.198779e-02 -9.058012e+00 -9.809587e-03 4.169192e-02 9.990824e-01 2.747557e+02
9.993724e-01 3.396082e-02 1.007073e-02 -1.428626e-01 -3.350406e-02 9.985345e-01 -4.250065e-02 -9.154249e+00 -1.149932e-02 4.213656e-02 9.990457e-01 2.764368e+02
9.993411e-01 3.451147e-02 1.124279e-02 -1.717225e-01 -3.400252e-02 9.985097e-01 -4.268773e-02 -9.253759e+00 -1.269925e-02 4.227732e-02 9.990252e-01 2.780585e+02
9.993333e-01 3.448571e-02 1.199067e-02 -1.541092e-01 -3.393962e-02 9.984942e-01 -4.309900e-02 -9.336358e+00 -1.345891e-02 4.266331e-02 9.989988e-01 2.795916e+02
9.993062e-01 3.510277e-02 1.244440e-02 -1.171089e-01 -3.452744e-02 9.984448e-01 -4.376970e-02 -9.428373e+00 -1.396148e-02 4.330966e-02 9.989641e-01 2.810645e+02
9.993006e-01 3.486472e-02 1.351547e-02 -1.173410e-01 -3.423200e-02 9.984220e-01 -4.451542e-02 -9.523127e+00 -1.504616e-02 4.402162e-02 9.989173e-01 2.826474e+02
9.992498e-01 3.595042e-02 1.440097e-02 -8.870896e-02 -3.528483e-02 9.984049e-01 -4.407451e-02 -9.662535e+00 -1.596250e-02 4.353331e-02 9.989244e-01 2.842126e+02
9.992590e-01 3.534199e-02 1.524683e-02 -7.940724e-02 -3.465659e-02 9.984699e-01 -4.309133e-02 -9.758002e+00 -1.674643e-02 4.253100e-02 9.989548e-01 2.857851e+02
9.992784e-01 3.459307e-02 1.568528e-02 -6.034895e-02 -3.389274e-02 9.985039e-01 -4.290858e-02 -9.848063e+00 -1.714616e-02 4.234600e-02 9.989559e-01 2.872791e+02
9.993086e-01 3.358870e-02 1.593839e-02 -6.214646e-02 -3.283996e-02 9.984417e-01 -4.511780e-02 -9.938245e+00 -1.742900e-02 4.456320e-02 9.988545e-01 2.887718e+02
9.993376e-01 3.272334e-02 1.592611e-02 -6.494097e-02 -3.194257e-02 9.983826e-01 -4.702984e-02 -1.006849e+01 -1.743932e-02 4.648997e-02 9.987665e-01 2.903683e+02
9.993539e-01 3.266466e-02 1.499515e-02 -4.898899e-02 -3.192846e-02 9.983865e-01 -4.695689e-02 -1.016258e+01 -1.650479e-02 4.644777e-02 9.987844e-01 2.918942e+02
9.994155e-01 3.119252e-02 1.398817e-02 -1.748028e-02 -3.050565e-02 9.984343e-01 -4.688665e-02 -1.024737e+01 -1.542878e-02 4.643252e-02 9.988023e-01 2.933337e+02
9.994147e-01 3.163037e-02 1.302913e-02 -3.100320e-03 -3.097658e-02 9.983838e-01 -4.764675e-02 -1.033097e+01 -1.451515e-02 4.721526e-02 9.987793e-01 2.948555e+02
9.994076e-01 3.201155e-02 1.263668e-02 -1.264181e-02 -3.137461e-02 9.983670e-01 -4.773779e-02 -1.044768e+01 -1.414421e-02 4.731304e-02 9.987800e-01 2.964098e+02
9.994200e-01 3.192352e-02 1.185693e-02 1.809361e-02 -3.133019e-02 9.983919e-01 -4.724376e-02 -1.055078e+01 -1.334605e-02 4.684488e-02 9.988130e-01 2.979691e+02
9.994339e-01 3.187012e-02 1.077410e-02 3.898764e-02 -3.132587e-02 9.983854e-01 -4.738469e-02 -1.063681e+01 -1.226686e-02 4.702036e-02 9.988186e-01 2.995280e+02
9.994498e-01 3.162219e-02 1.000622e-02 3.524932e-02 -3.112858e-02 9.984497e-01 -4.614248e-02 -1.073206e+01 -1.144984e-02 4.580561e-02 9.988848e-01 3.010865e+02
9.993943e-01 3.343253e-02 9.654800e-03 2.015379e-02 -3.296781e-02 9.984503e-01 -4.483487e-02 -1.083299e+01 -1.113878e-02 4.448942e-02 9.989478e-01 3.026835e+02
9.993274e-01 3.508351e-02 1.066773e-02 1.331674e-02 -3.456768e-02 9.983795e-01 -4.520465e-02 -1.092041e+01 -1.223638e-02 4.480548e-02 9.989208e-01 3.042724e+02
9.992816e-01 3.605697e-02 1.166815e-02 7.365637e-03 -3.548756e-02 9.983203e-01 -4.579470e-02 -1.100349e+01 -1.329977e-02 4.534773e-02 9.988827e-01 3.058629e+02
9.993024e-01 3.531235e-02 1.215521e-02 1.782738e-02 -3.471770e-02 9.983345e-01 -4.607547e-02 -1.109651e+01 -1.376200e-02 4.562133e-02 9.988640e-01 3.074309e+02
9.993625e-01 3.338262e-02 1.265361e-02 2.165156e-02 -3.274901e-02 9.983415e-01 -4.734755e-02 -1.115975e+01 -1.421321e-02 4.690297e-02 9.987983e-01 3.089184e+02
9.994003e-01 3.184295e-02 1.360279e-02 -3.034069e-02 -3.113847e-02 9.983039e-01 -4.919156e-02 -1.128226e+01 -1.514613e-02 4.873849e-02 9.986967e-01 3.105032e+02
9.993996e-01 3.170467e-02 1.397199e-02 -3.593858e-02 -3.096240e-02 9.982453e-01 -5.047453e-02 -1.134857e+01 -1.554775e-02 5.001162e-02 9.986276e-01 3.119542e+02
9.993894e-01 3.292832e-02 1.168492e-02 -3.879102e-02 -3.228147e-02 9.981360e-01 -5.179223e-02 -1.144431e+01 -1.336857e-02 5.138340e-02 9.985895e-01 3.136013e+02
9.993599e-01 3.448295e-02 9.527297e-03 -3.176059e-02 -3.395215e-02 9.981129e-01 -5.116469e-02 -1.155989e+01 -1.127363e-02 5.080846e-02 9.986448e-01 3.152164e+02
9.993256e-01 3.556462e-02 9.141518e-03 -2.241744e-02 -3.508773e-02 9.982360e-01 -4.789325e-02 -1.166376e+01 -1.082870e-02 4.754019e-02 9.988106e-01 3.168455e+02
9.993697e-01 3.405957e-02 1.000272e-02 -2.268200e-02 -3.357796e-02 9.984267e-01 -4.490622e-02 -1.175543e+01 -1.151647e-02 4.454205e-02 9.989411e-01 3.184054e+02
9.993777e-01 3.357458e-02 1.081762e-02 -5.714554e-02 -3.306334e-02 9.984664e-01 -4.440234e-02 -1.185234e+01 -1.229182e-02 4.401704e-02 9.989552e-01 3.199901e+02
9.993751e-01 3.340360e-02 1.156249e-02 -1.052443e-01 -3.283866e-02 9.984008e-01 -4.601523e-02 -1.195369e+01 -1.308107e-02 4.560678e-02 9.988738e-01 3.216963e+02
9.993958e-01 3.258611e-02 1.208929e-02 -9.743150e-02 -3.199380e-02 9.984142e-01 -4.631918e-02 -1.204554e+01 -1.357948e-02 4.590441e-02 9.988535e-01 3.233633e+02
9.993935e-01 3.239817e-02 1.276292e-02 -1.113959e-01 -3.177358e-02 9.984162e-01 -4.642733e-02 -1.212720e+01 -1.424687e-02 4.599365e-02 9.988401e-01 3.250231e+02
9.993660e-01 3.260912e-02 1.428825e-02 -1.425510e-01 -3.191116e-02 9.984029e-01 -4.661932e-02 -1.221177e+01 -1.578565e-02 4.613381e-02 9.988105e-01 3.265832e+02
9.992885e-01 3.448692e-02 1.526730e-02 -1.522843e-01 -3.371955e-02 9.982805e-01 -4.794889e-02 -1.229528e+01 -1.689466e-02 4.739997e-02 9.987331e-01 3.281707e+02
9.992442e-01 3.523344e-02 1.642306e-02 -1.710662e-01 -3.439738e-02 9.982221e-01 -4.867614e-02 -1.238729e+01 -1.810889e-02 4.807444e-02 9.986796e-01 3.298380e+02
9.992571e-01 3.417030e-02 1.782192e-02 -1.678081e-01 -3.329998e-02 9.983380e-01 -4.703548e-02 -1.248199e+01 -1.939952e-02 4.640707e-02 9.987342e-01 3.314870e+02
9.992635e-01 3.349690e-02 1.871782e-02 -1.647879e-01 -3.259604e-02 9.983853e-01 -4.652102e-02 -1.256174e+01 -2.024590e-02 4.587663e-02 9.987419e-01 3.329963e+02
9.992885e-01 3.263420e-02 1.891029e-02 -1.498212e-01 -3.169851e-02 9.983524e-01 -4.782963e-02 -1.265951e+01 -2.044001e-02 4.719617e-02 9.986765e-01 3.346525e+02
9.992265e-01 3.429973e-02 1.923588e-02 -1.314220e-01 -3.335005e-02 9.983053e-01 -4.768961e-02 -1.276472e+01 -2.083902e-02 4.701121e-02 9.986770e-01 3.362554e+02
9.991393e-01 3.667060e-02 1.938847e-02 -1.240825e-01 -3.566650e-02 9.981212e-01 -4.981843e-02 -1.286997e+01 -2.117891e-02 4.908403e-02 9.985701e-01 3.378648e+02
9.990290e-01 3.944438e-02 1.962577e-02 -1.166050e-01 -3.835265e-02 9.978472e-01 -5.319795e-02 -1.297014e+01 -2.168188e-02 5.239360e-02 9.983911e-01 3.394931e+02
9.989951e-01 4.059544e-02 1.899278e-02 -8.720736e-02 -3.954427e-02 9.978227e-01 -5.278425e-02 -1.307774e+01 -2.109423e-02 5.198015e-02 9.984253e-01 3.411590e+02
9.989645e-01 4.158801e-02 1.844932e-02 -6.652440e-02 -4.063357e-02 9.979523e-01 -4.939801e-02 -1.318136e+01 -2.046591e-02 4.859720e-02 9.986088e-01 3.427841e+02
9.988898e-01 4.338170e-02 1.836543e-02 -5.838417e-02 -4.248444e-02 9.980046e-01 -4.671116e-02 -1.328511e+01 -2.035520e-02 4.587906e-02 9.987396e-01 3.443884e+02
9.988738e-01 4.431086e-02 1.696353e-02 2.239492e-03 -4.344860e-02 9.978919e-01 -4.820815e-02 -1.338298e+01 -1.906392e-02 4.741681e-02 9.986933e-01 3.460866e+02
9.989124e-01 4.399843e-02 1.543306e-02 2.639094e-02 -4.318440e-02 9.978344e-01 -4.961552e-02 -1.348538e+01 -1.758265e-02 4.889509e-02 9.986491e-01 3.476783e+02
9.989369e-01 4.387092e-02 1.415517e-02 7.143243e-02 -4.314132e-02 9.979018e-01 -4.827959e-02 -1.360595e+01 -1.624354e-02 4.761759e-02 9.987336e-01 3.493005e+02
9.990018e-01 4.245887e-02 1.387955e-02 6.790084e-02 -4.174659e-02 9.979693e-01 -4.810920e-02 -1.369838e+01 -1.589403e-02 4.748175e-02 9.987456e-01 3.509792e+02
9.989489e-01 4.363159e-02 1.405210e-02 6.445508e-02 -4.289218e-02 9.978673e-01 -4.920539e-02 -1.380934e+01 -1.616904e-02 4.855095e-02 9.986898e-01 3.526260e+02
9.989564e-01 4.344481e-02 1.409742e-02 5.852842e-02 -4.268512e-02 9.978200e-01 -5.033043e-02 -1.390919e+01 -1.625329e-02 4.967616e-02 9.986331e-01 3.542956e+02
9.989276e-01 4.405545e-02 1.423815e-02 9.287269e-02 -4.327988e-02 9.977692e-01 -5.082828e-02 -1.400692e+01 -1.644565e-02 5.015755e-02 9.986059e-01 3.559333e+02
9.988997e-01 4.470280e-02 1.417690e-02 1.387322e-01 -4.390748e-02 9.976726e-01 -5.216844e-02 -1.408236e+01 -1.647598e-02 5.148857e-02 9.985377e-01 3.577164e+02
9.988844e-01 4.501210e-02 1.427522e-02 1.698061e-01 -4.419121e-02 9.975961e-01 -5.337764e-02 -1.416336e+01 -1.664354e-02 5.268725e-02 9.984724e-01 3.593422e+02
9.988466e-01 4.601215e-02 1.372589e-02 2.205055e-01 -4.519660e-02 9.974764e-01 -5.475526e-02 -1.425755e+01 -1.621066e-02 5.407174e-02 9.984055e-01 3.610392e+02
9.988542e-01 4.589027e-02 1.357791e-02 2.513109e-01 -4.508364e-02 9.974841e-01 -5.470822e-02 -1.437467e+01 -1.605432e-02 5.403339e-02 9.984101e-01 3.626723e+02
9.988840e-01 4.529823e-02 1.337584e-02 2.722949e-01 -4.449099e-02 9.974676e-01 -5.548741e-02 -1.448719e+01 -1.585545e-02 5.483038e-02 9.983698e-01 3.642674e+02
9.989530e-01 4.380152e-02 1.320180e-02 2.974156e-01 -4.298061e-02 9.974426e-01 -5.710467e-02 -1.459466e+01 -1.566931e-02 5.647747e-02 9.982809e-01 3.658825e+02
9.989885e-01 4.288270e-02 1.352760e-02 3.248293e-01 -4.206867e-02 9.975661e-01 -5.560587e-02 -1.469707e+01 -1.587920e-02 5.498054e-02 9.983612e-01 3.674531e+02
9.990725e-01 4.082491e-02 1.369085e-02 3.398737e-01 -4.002150e-02 9.977082e-01 -5.455919e-02 -1.480899e+01 -1.588684e-02 5.396066e-02 9.984167e-01 3.689857e+02
9.990626e-01 4.098922e-02 1.392143e-02 3.555307e-01 -4.015376e-02 9.976366e-01 -5.575756e-02 -1.490887e+01 -1.617399e-02 5.514630e-02 9.983473e-01 3.705447e+02
9.990476e-01 4.139889e-02 1.378166e-02 3.816229e-01 -4.055894e-02 9.975796e-01 -5.647904e-02 -1.501048e+01 -1.608647e-02 5.586628e-02 9.983087e-01 3.721694e+02
9.990169e-01 4.204640e-02 1.404587e-02 3.918871e-01 -4.121045e-02 9.976203e-01 -5.527630e-02 -1.513678e+01 -1.633661e-02 5.464313e-02 9.983723e-01 3.737100e+02
9.989381e-01 4.378050e-02 1.435193e-02 4.105451e-01 -4.294020e-02 9.975959e-01 -5.439354e-02 -1.526072e+01 -1.669880e-02 5.371950e-02 9.984164e-01 3.753244e+02
9.989292e-01 4.385269e-02 1.474413e-02 4.342714e-01 -4.298380e-02 9.975703e-01 -5.482600e-02 -1.534363e+01 -1.711257e-02 5.413354e-02 9.983871e-01 3.768253e+02
9.988593e-01 4.537289e-02 1.488152e-02 4.569034e-01 -4.447128e-02 9.974308e-01 -5.616096e-02 -1.545485e+01 -1.739147e-02 5.543510e-02 9.983108e-01 3.784420e+02
9.988458e-01 4.557153e-02 1.517778e-02 4.655697e-01 -4.465213e-02 9.974193e-01 -5.622225e-02 -1.557393e+01 -1.770075e-02 5.547963e-02 9.983029e-01 3.800394e+02
9.988189e-01 4.607256e-02 1.543293e-02 4.733650e-01 -4.513156e-02 9.973766e-01 -5.659614e-02 -1.568403e+01 -1.799997e-02 5.583278e-02 9.982779e-01 3.817220e+02
9.987893e-01 4.671746e-02 1.540788e-02 4.979264e-01 -4.577834e-02 9.973515e-01 -5.651785e-02 -1.579797e+01 -1.800744e-02 5.574407e-02 9.982827e-01 3.833406e+02
9.987193e-01 4.825121e-02 1.521864e-02 5.400903e-01 -4.732883e-02 9.973056e-01 -5.604876e-02 -1.591483e+01 -1.788206e-02 5.525670e-02 9.983120e-01 3.849769e+02
9.985941e-01 5.053600e-02 1.599494e-02 5.479512e-01 -4.955109e-02 9.971482e-01 -5.692152e-02 -1.601109e+01 -1.882592e-02 5.604893e-02 9.982505e-01 3.864696e+02
9.985868e-01 5.063378e-02 1.614281e-02 5.564491e-01 -4.963325e-02 9.971225e-01 -5.729928e-02 -1.613537e+01 -1.899764e-02 5.641709e-02 9.982265e-01 3.880598e+02
9.984076e-01 5.390157e-02 1.664276e-02 5.744371e-01 -5.286278e-02 9.969410e-01 -5.756835e-02 -1.626337e+01 -1.969488e-02 5.659689e-02 9.982028e-01 3.896895e+02
9.983273e-01 5.537569e-02 1.661711e-02 6.227154e-01 -5.434649e-02 9.968912e-01 -5.704680e-02 -1.635186e+01 -1.972445e-02 5.604830e-02 9.982332e-01 3.912505e+02
9.982255e-01 5.701963e-02 1.716254e-02 6.292280e-01 -5.595961e-02 9.968079e-01 -5.694360e-02 -1.646595e+01 -2.035465e-02 5.588215e-02 9.982299e-01 3.928493e+02
9.981754e-01 5.776875e-02 1.756552e-02 6.298365e-01 -5.667778e-02 9.967470e-01 -5.729758e-02 -1.660061e+01 -2.081839e-02 5.619747e-02 9.982026e-01 3.945117e+02
9.981398e-01 5.826694e-02 1.794430e-02 6.490009e-01 -5.716471e-02 9.967482e-01 -5.679181e-02 -1.673028e+01 -2.119503e-02 5.566038e-02 9.982248e-01 3.960541e+02
