seq | frames |   t_err (%) |   r_err (deg/km) |   segs
----+--------+-------------+------------------+--------
 00 |   4541 |      3.881  |          21.422  |   3283
 01 |   1101 |     14.961  |          12.085  |    676
 02 |   4661 |      4.116  |          19.593  |   3453
 03 |    801 |      2.587  |          12.070  |    184
 04 |    271 |      1.166  |          14.308  |     43
 05 |   2761 |      3.657  |          22.011  |   1806
 06 |   1101 |      3.872  |          19.508  |    570
 07 |   1101 |      1.731  |          14.947  |    317
 08 |   3924 |     39.762  |         165.247  |   2746
 09 |   1591 |      6.022  |          24.030  |    958
 10 |   1201 |      1.945  |          13.701  |    464
----+--------+-------------+------------------+--------
 avg|  23054 |      7.609  |          30.811  |  14500